5
1
10
1
2
3
4
5
6
7
8
9
10
2
538539 660874 662250 661854 0 0 662256 660246 659629 0 661680 0 662066 662256 661315 625906 649731 0 662256 661991 645653 660874 660874 661126 0 0 662050 0 0 662121 0 0 0 661510 0 661992 0 658877 661595 662252 0 660013 0 660987 0 0 662121 0 661983 0 0 655631 0 661585 0 662229 0 661510 0 661240 627841 638370 661585 662151 0 660781 661585 0 0 662252 0 662120 658663 0 0 0 0 662198 0 0 661479 0 662229 0 662097 0 660013 0 0 0 661479 0 661943 0 662258 662247 0 662133 589249 577095 653201 595108 662116 662239 0 661913 0 660274 0 644272 660246 661146 0 662050 0 661917 0 622253 608168 660874 0 0 0 0 659940 0 0 661167 0 660810 0 661620 0 662110 0 662255 661620 155481 0 650018 0 649345 0 537973 662188 661620 333170 0 653256 661237 0 659682 660697 0 0 659228 661520 661763 614380 0 0 661822 0 333170 0 0 661741 0 0 651397 654080 662130 0 651081 579998 0 608271 655515 656859 0 662225 0 0 660773 604499 0 0 662117 661895 659315 658630 0 662223 661120 636379 0 636307 0 0 661973 0 659928 657915 0 617102 660874 0 656868 662240 0 661788 661497 662077 0 0 662233 662256 660246 652654 0 662070 661599 0 0 0 662117 661788 
538539 662141 662254 661720 658789 594182 0 0 662171 662138 0 0 662062 661673 
2
9
11
12
13
14
15
16
17
18
19
4
0 662158 662128 660888 0 662258 0 0 662152 659262 660478 0 662158 662128 0 662258 0 0 660888 662069 0 660141 0 0 0 658125 0 662248 662196 
0 0 651430 0 0 654290 0 662258 0 0 662185 661711 660521 0 662168 661913 651794 661403 657243 658539 0 588660 659784 0 0 662255 662035 655529 0 661554 0 662247 660393 658539 0 0 662069 0 662168 661871 651794 0 0 651430 0 0 661340 0 662258 0 0 
658125 0 662258 660521 0 662258 0 662158 662128 661148 662256 660888 0 0 662158 662128 661838 661148 0 662258 651430 0 0 662158 662128 
656845 0 0 660835 0 659072 662236 651753 646673 0 0 660587 0 0 662035 661751 0 661883 661016 0 651753 646673 0 661961 660888 0 0 661191 660796 0 634984 643837 661584 0 661137 0 662248 662196 661646 658637 0 660730 0 656355 0 0 661961 660888 0 0 0 639504 661924 0 660888 661611 0 661608 661035 0 0 655536 662244 661584 660365 0 0 661961 660888 0 662258 0 0 661934 0 662241 661838 661148 0 0 662158 662128 108190 662234 659826 0 661191 660796 0 661307 660084 0 0 661912 662041 0 0 660365 661800 659711 0 108190 0 661138 661838 661148 0 0 662158 662128 0 661029 658894 662189 661664 659810 661738 0 662165 0 662113 0 0 660365 0 0 0 660912 659826 0 661838 661148 0 0 662158 662128 0 661029 0 660249 0 662189 661664 0 662113 660365 0 0 661838 661148 0 0 662158 662128 0 661029 0 660249 0 662189 661664 0 662149 660365 0 661936 0 0 0 661880 637561 661930 0 0 660888 0 660521 
3
17
20
21
22
23
12
24
25
26
27
2
28
29
30
31
32
33
34
2
661711 441245 656261 662168 0 659848 0 662184 662009 661597 0 0 662158 662128 659047 
662250 0 650643 662015 655209 0 661656 659407 0 662235 0 657695 0 0 660905 0 0 659450 662239 0 661004 0 662180 0 0 660888 0 659420 0 661550 0 661588 661557 661960 0 662241 0 662108 661521 0 661588 0 661286 0 660888 0 658686 0 661286 0 661261 662158 662128 660888 0 662258 0 660336 0 661557 661960 0 662241 0 662013 661716 662189 661787 0 660603 661521 0 661261 0 661373 0 660888 0 658363 0 0 662221 0 0 0 661637 660685 0 661437 0 661470 656261 0 662185 0 0 653782 662074 0 661470 0 661453 0 0 651605 0 660550 643220 659779 0 660521 657377 
4
11
35
36
37
12
38
27
39
40
41
33
34
2
658126 661711 650574 658613 662171 0 660871 0 662187 0 662183 662257 662235 0 0 661480 630939 662250 0 661907 661571 654212 0 0 662035 659047 0 662157 661838 662056 661984 0 662180 0 661961 660888 0 659835 662190 661987 0 662162 661731 662258 662168 661922 0 661801 661784 0 652173 662168 661945 0 661815 661775 0 662175 661872 661731 0 662143 0 661642 0 662180 0 662221 662204 0 0 661838 662056 0 0 661934 0 662241 
658126 0 650574 661379 0 647498 662206 0 659456 662239 0 662180 0 0 0 662159 0 0 0 661392 0 661838 662056 0 637575 661984 0 661811 0 661282 0 0 661938 0 0 637575 661275 0 658893 0 0 0 0 661215 643586 661984 0 659637 0 0 0 0 0 0 662160 661984 0 0 662069 0 661732 661521 0 0 661934 0 662241 0 661656 0 662242 662236 662206 0 0 0 0 0 0 661486 662152 0 661558 0 655558 650574 662180 0 661486 662152 0 661558 0 656423 0 0 0 660780 0 660521 0 662180 0 640845 659847 661984 0 0 661486 661494 661960 0 0 0 662110 660888 0 659835 0 661007 649277 662000 0 662035 662238 0 661030 660821 647790 0 661334 0 660587 0 654580 622982 604934 0 661775 0 637337 662226 662163 0 661616 0 654033 0 661530 650574 661334 0 660261 661780 660646 615699 604934 0 662197 0 652999 658126 0 661444 0 662238 662056 0 661775 0 661846 0 662028 0 662180 0 0 662221 0 0 654466 661662 661841 661833 0 660832 658635 660069 0 0 0 0 662246 0 659233 0 662015 657895 0 662154 0 654466 661662 657881 0 0 661965 
